RSID	Beta	P-Value	log10 P-Value	% Morningness
rs57033609	0.04095580000000001	1.50522e-23	-22.822400019802124	1.0
rs56396448	0.0318566	6.090999999999999e-20	-19.215311400498578	1.0
rs72993065	0.028256200000000002	1.41226e-16	-15.850085341407041	1.0
rs960783	0.0449642	1.4890100000000001e-15	-14.827102385572044	1.0
rs74508725	0.0324265	1.3516400000000001e-13	-12.869138964335566	1.0
rs74508725	0.0324265	1.3516400000000001e-13	-12.869138964335566	1.0
rs72984535	0.023628	6.4192e-12	-11.192519092995695	1.0
rs116298301	-0.045303699999999995	1.8124099999999997e-10	-9.74174355025977	0.875
rs116298301	-0.045303699999999995	1.8124099999999997e-10	-9.74174355025977	0.7777777777777778
rs62194932	0.0210537	7.0152e-10	-9.153959942930957	0.8
rs73123283	0.019505900000000003	1.6867200000000002e-07	-6.772957005465137	0.8181818181818182
rs73123283	0.019505900000000003	1.6867200000000002e-07	-6.772957005465137	0.8333333333333334
rs79457348	0.0197178	2.0221800000000002e-07	-6.694180189235899	0.8461538461538461
rs79457348	0.0197178	2.0221800000000002e-07	-6.694180189235899	0.8571428571428571
rs73114889	0.018306299999999998	2.41071e-07	-6.61785503059096	0.8666666666666667
rs73114889	0.018306299999999998	2.41071e-07	-6.61785503059096	0.875
rs3779081	0.016965200000000003	1.58047e-06	-5.801213743391697	0.8823529411764706
rs3779081	0.016965200000000003	1.58047e-06	-5.801213743391697	0.8888888888888888
rs17449259	0.0223662	2.11847e-06	-5.673977681734603	0.8947368421052632
rs17449259	0.0223662	2.11847e-06	-5.673977681734603	0.9
rs17449259	0.0223662	2.11847e-06	-5.673977681734603	0.9047619047619048
rs17449259	0.0223662	2.11847e-06	-5.673977681734603	0.9090909090909091
rs10486757	0.016234000000000002	7.2144899999999994e-06	-5.141794364225965	0.9130434782608695
rs10486757	0.016234000000000002	7.2144899999999994e-06	-5.141794364225965	0.9166666666666666
rs17449280	0.017872700000000002	9.97841e-06	-5.000938655429971	0.92
rs17449280	0.017872700000000002	9.97841e-06	-5.000938655429971	0.9230769230769231
rs4802506	0.01169	2.1986e-05	-4.657853776366534	0.9259259259259259
rs3852447	-0.0195857	4.59965e-05	-4.337275213720966	0.8928571428571429
rs2242041	0.015767600000000003	4.92528e-05	-4.307569075014421	0.896551724137931
rs2242041	0.015767600000000003	4.92528e-05	-4.307569075014421	0.9
rs353143	-0.0191546	6.02201e-05	-4.220258527644048	0.8709677419354839
rs353143	-0.0191546	6.02201e-05	-4.220258527644048	0.84375
rs57717899	0.012847200000000001	6.9093e-05	-4.160565949953828	0.8484848484848485
rs71478860	-0.013355700000000002	9.3236e-05	-4.030416366803018	0.8235294117647058
rs71478860	-0.013355700000000002	9.3236e-05	-4.030416366803018	0.8
rs2032396	0.01053	0.000107947	-3.966789422820719	0.8055555555555556
rs2032396	0.01053	0.000107947	-3.966789422820719	0.8108108108108109
rs149754096	-0.0193738	0.000167523	-3.775925558254896	0.7894736842105263
rs5030904	-0.010003100000000001	0.000181363	-3.741451308978419	0.7692307692307693
rs2304906	0.024043799999999997	0.00018906900000000002	-3.723379672808026	0.775
rs2304906	0.024043799999999997	0.00018906900000000002	-3.723379672808026	0.7804878048780488
rs2304906	0.024043799999999997	0.00018906900000000002	-3.723379672808026	0.7857142857142857
rs4788484	-0.0107976	0.00019048	-3.7201506176031764	0.7674418604651163
rs4788484	-0.0107976	0.00019048	-3.7201506176031764	0.75
rs75889550	0.014167600000000002	0.000203422	-3.6916020801156986	0.7555555555555555
rs75889550	0.014167600000000002	0.000203422	-3.6916020801156986	0.7608695652173914
rs6131737	0.0225727	0.000204141	-3.6900697621357748	0.7659574468085106
rs6131737	0.0225727	0.000204141	-3.6900697621357748	0.7708333333333334
rs1864688	-0.00956833	0.000292598	-3.5337286467408937	0.7551020408163265
rs1864688	-0.00956833	0.000292598	-3.5337286467408937	0.74
rs2423839	-0.019756	0.000313578	-3.5036544141437074	0.7254901960784313
rs2423839	-0.019756	0.000313578	-3.5036544141437074	0.7115384615384616
rs72842938	0.0236909	0.000319249	-3.495870454425274	0.7169811320754716
rs72842938	0.0236909	0.000319249	-3.495870454425274	0.7222222222222222
rs72842938	0.0236909	0.000319249	-3.495870454425274	0.7272727272727273
rs78832829	-0.0420092	0.00032349	-3.4901391400708444	0.7142857142857143
rs2275935	-0.0126463	0.000350065	-3.455851308448665	0.7017543859649122
rs2275935	-0.0126463	0.000350065	-3.455851308448665	0.6896551724137931
rs6135583	0.022108199999999998	0.000357644	-3.4465490564821235	0.6949152542372882
rs6135583	0.022108199999999998	0.000357644	-3.4465490564821235	0.7
rs2529394	-0.0116615	0.000358566	-3.44543089355921	0.6885245901639344
rs2529394	-0.0116615	0.000358566	-3.44543089355921	0.6774193548387096
rs2529394	-0.0116615	0.000358566	-3.44543089355921	0.6666666666666666
rs2529394	-0.0116615	0.000358566	-3.44543089355921	0.65625
rs55781024	-0.00961111	0.00036454	-3.438254810758457	0.6461538461538462
rs55781024	-0.00961111	0.00036454	-3.438254810758457	0.6363636363636364
rs8183396	0.0230047	0.00046423	-3.3332667975003814	0.6417910447761194
rs8183396	0.0230047	0.00046423	-3.3332667975003814	0.6470588235294118
rs75315524	-0.013585	0.000541699	-3.2662419661386286	0.6376811594202898
rs75315524	-0.013585	0.000541699	-3.2662419661386286	0.6285714285714286
rs10469135	-0.00908018	0.000609408	-3.215091848877621	0.6197183098591549
rs10469135	-0.00908018	0.000609408	-3.215091848877621	0.6111111111111112
rs7367176	-0.00830652	0.0007516269999999999	-3.1239976275331958	0.6027397260273972
rs17225783	0.00960427	0.000773658	-3.1114509792873446	0.6081081081081081
rs8096512	-0.00803344	0.000829865	-3.0809925516283316	0.6
rs8096512	-0.00803344	0.000829865	-3.0809925516283316	0.5921052631578947
rs10823232	-0.010746299999999999	0.000884021	-3.053537418159106	0.5844155844155844
rs10823232	-0.010746299999999999	0.000884021	-3.053537418159106	0.5769230769230769
rs7905792	-0.0149404	0.000987527	-3.0054510214830614	0.569620253164557
rs7905792	-0.0149404	0.000987527	-3.0054510214830614	0.5625
rs78658945	-0.010754999999999999	0.00104547	-2.9806884248466803	0.5555555555555556
rs17226957	0.00911065	0.00108863	-2.963119701752425	0.5609756097560976
rs17226957	0.00911065	0.00108863	-2.963119701752425	0.5662650602409639
rs57870697	-0.015062	0.00110765	-2.9555974481648346	0.5595238095238095
rs74355610	-0.012987700000000001	0.00117475	-2.9300545463050103	0.5529411764705883
rs116934693	-0.014872299999999998	0.00126282	-2.898658548556146	0.5465116279069767
rs56382559	-0.00890625	0.00138019	-2.8600611235468527	0.5402298850574713
rs56382559	-0.00890625	0.00138019	-2.8600611235468527	0.5340909090909091
rs56382559	-0.00890625	0.00138019	-2.8600611235468527	0.5280898876404494
rs56382559	-0.00890625	0.00138019	-2.8600611235468527	0.5222222222222223
rs381590	-0.021369700000000002	0.00142317	-2.846743219626055	0.5164835164835165
rs381590	-0.021369700000000002	0.00142317	-2.846743219626055	0.5108695652173914
rs117226098	-0.023912299999999997	0.00155817	-2.8073851615323497	0.5053763440860215
rs72819648	0.013883600000000001	0.00158537	-2.7998693642312587	0.5106382978723404
rs72819648	0.013883600000000001	0.00158537	-2.7998693642312587	0.5157894736842106
rs183787206	0.33109299999999997	0.00159997	-2.7958881604419528	0.5208333333333334
rs61897936	-0.012503100000000001	0.00161909	-2.7907290095437203	0.5154639175257731
rs17558323	-0.00843458	0.00162572	-2.7889542514394976	0.5102040816326531
rs72799543	-0.0115881	0.00185006	-2.7328141865989504	0.5050505050505051
rs72799543	-0.0115881	0.00185006	-2.7328141865989504	0.5
rs55874171	0.00810533	0.001945	-2.7110803943382735	0.504950495049505
rs141761289	0.0246935	0.00198127	-2.7030563364150577	0.5098039215686274
rs141761289	0.0246935	0.00198127	-2.7030563364150577	0.5145631067961165
rs1683876	0.0108302	0.00217374	-2.6627924028982863	0.5192307692307693
rs1683876	0.0108302	0.00217374	-2.6627924028982863	0.5238095238095238
rs5030903	-0.00840705	0.00237128	-2.625017161637476	0.5188679245283019
rs77586738	-0.011629	0.00239092	-2.6214349551012073	0.514018691588785
rs75439324	-0.0404036	0.00270334	-2.5680993295000074	0.5092592592592593
rs75439324	-0.0404036	0.00270334	-2.5680993295000074	0.5045871559633027
rs535795866	0.0655424	0.00271533	-2.5661773821083385	0.509090909090909
rs146401175	0.028485700000000003	0.00285153	-2.5449220549868468	0.5135135135135135
rs72773710	-0.0163359	0.00294969	-2.5302236241451364	0.5089285714285714
rs3741331	-0.039798400000000005	0.0031248	-2.5051777740562207	0.504424778761062
rs3741331	-0.039798400000000005	0.0031248	-2.5051777740562207	0.5
rs80269466	-0.033105800000000005	0.00312987	-2.504473700618132	0.4956521739130435
rs141821038	0.009717299999999998	0.00328632	-2.483290150131695	0.5
rs140796421	0.0293493	0.0033183999999999996	-2.479071265291053	0.5042735042735043
rs140796421	0.0293493	0.0033183999999999996	-2.479071265291053	0.5084745762711864
rs35368896	-0.00800457	0.00335224	-2.4746648960845934	0.5042016806722689
rs35368896	-0.00800457	0.00335224	-2.4746648960845934	0.5
rs72845519	-0.00980218	0.00337753	-2.4714007847851045	0.49586776859504134
rs117990191	0.019063999999999998	0.00338412	-2.4705542453925236	0.5
rs4411555	0.0184489	0.00346496	-2.4603017745816254	0.5040650406504065
rs4411555	0.0184489	0.00346496	-2.4603017745816254	0.5080645161290323
rs4411555	0.0184489	0.00346496	-2.4603017745816254	0.512
rs116967050	-0.039601199999999996	0.00353572	-2.4515221348551646	0.5079365079365079
rs116967050	-0.039601199999999996	0.00353572	-2.4515221348551646	0.5039370078740157
rs2103186	-0.0465379	0.00366465	-2.4359674972376197	0.5
rs141180150	0.011281900000000001	0.0037364000000000004	-2.4275466365924374	0.5038759689922481
rs74728949	-0.0967539	0.00379743	-2.4205102229671978	0.5
rs61944266	0.0278471	0.00399599	-2.398375607270443	0.5038167938931297
rs142121195	-0.08549910000000001	0.00411552	-2.385575283449799	0.5
rs111418120	-0.016668099999999998	0.00424641	-2.3719780760811764	0.49624060150375937
rs111418120	-0.016668099999999998	0.00424641	-2.3719780760811764	0.4925373134328358
rs8677	-0.0108871	0.00437541	-2.3589812449514547	0.4888888888888889
rs80246899	-0.0165506	0.00440601	-2.3559545214975772	0.4852941176470588
rs62204411	0.00812447	0.00444604	-2.3520266343718164	0.48905109489051096
rs62204411	0.00812447	0.00444604	-2.3520266343718164	0.4927536231884058
rs78896181	-0.0127041	0.00467627	-2.3301004213500467	0.4892086330935252
rs139770169	0.046521	0.00473236	-2.324922225145849	0.4928571428571429
rs74416769	-0.020070599999999997	0.00476461	-2.3219726420938005	0.48936170212765956
rs5030909	-0.00743359	0.00500774	-2.3003582276204178	0.4859154929577465
rs141107591	-0.034992	0.00506736	-2.2952182410695587	0.4825174825174825
rs79329059	0.026001999999999997	0.00509645	-2.292732232185937	0.4861111111111111
rs111340728	-0.008445900000000001	0.00510415	-2.292076571117801	0.4827586206896552
rs117702320	0.0476643	0.00533308	-2.2730219015415822	0.4863013698630137
rs78565750	-0.029547800000000003	0.00536094	-2.2707590534004596	0.48299319727891155
rs75370943	-0.018175	0.005429600000000001	-2.2652321638165898	0.4797297297297297
rs75295477	-0.0162731	0.00599619	-2.2221246142086457	0.47651006711409394
rs75295477	-0.0162731	0.00599619	-2.2221246142086457	0.47333333333333333
rs58627364	-0.00952491	0.0059991	-2.2219138986749436	0.47019867549668876
rs58627364	-0.00952491	0.0059991	-2.2219138986749436	0.46710526315789475
rs34855688	0.014397499999999999	0.00625563	-2.2037289462829786	0.47058823529411764
rs3740592	-0.019235	0.00634132	-2.1978203305967248	0.4675324675324675
rs3740592	-0.019235	0.00634132	-2.1978203305967248	0.4645161290322581
rs113433024	-0.029264699999999998	0.00647485	-2.1887702882392763	0.46153846153846156
rs113433024	-0.029264699999999998	0.00647485	-2.1887702882392763	0.4585987261146497
rs117611172	0.0201547	0.00666767	-2.176025902654101	0.4620253164556962
rs117611172	0.0201547	0.00666767	-2.176025902654101	0.46540880503144655
rs138018910	0.0578028	0.00686298	-2.1634872667223686	0.46875
rs72845559	-0.00894576	0.00694248	-2.158485362697928	0.4658385093167702
rs1636442	0.0132484	0.00717623	-2.1441036504920987	0.4691358024691358
rs34272003	0.013232399999999998	0.00722536	-2.141140509523873	0.4723926380368098
rs3795424	0.016703700000000002	0.007234699999999999	-2.1405794729825187	0.47560975609756095
rs11574668	-0.036903399999999996	0.00724182	-2.1401522740479018	0.4727272727272727
rs11574668	-0.036903399999999996	0.00724182	-2.1401522740479018	0.46987951807228917
rs117518139	0.017305	0.00746208	-2.1271400992549445	0.47305389221556887
rs112568463	0.0329017	0.00765813	-2.1158772655930003	0.47619047619047616
rs200010155	0.304746	0.00769405	-2.1138449957451457	0.47928994082840237
rs1264582	0.0121704	0.00794864	-2.0997071721009313	0.4823529411764706
rs1968644	-0.00895776	0.00798717	-2.097607071887021	0.47953216374269003
rs1998234	0.00736582	0.00799057	-2.0974222395814808	0.48255813953488375
rs1998234	0.00736582	0.00799057	-2.0974222395814808	0.48554913294797686
rs72816455	-0.0167672	0.00805148	-2.0941242815259415	0.4827586206896552
rs116802042	0.0153851	0.00836787	-2.0773850754559122	0.4857142857142857
rs78991734	0.016743400000000002	0.00861271	-2.064860175739839	0.48863636363636365
rs62466346	-0.0132237	0.00862512	-2.0642348539387125	0.4858757062146893
rs75824619	-0.0105389	0.00888823	-2.0511847157190304	0.48314606741573035
rs56329200	-0.0119699	0.00925866	-2.0334518639354178	0.48044692737430167
rs10439218	0.014278799999999998	0.00928922	-2.0320207514442057	0.48333333333333334
rs144503683	0.03485	0.00935682	-2.0288717250982344	0.4861878453038674
rs144503683	0.03485	0.00935682	-2.0288717250982344	0.489010989010989
rs79993413	0.010805500000000001	0.0095051	-2.022043309706509	0.4918032786885246
rs7602358	0.0070179000000000005	0.00952342	-2.021207062077504	0.4945652173913043
rs117122428	-0.025421400000000004	0.00963496	-2.0161500839992224	0.4918918918918919
rs117755077	-0.0135036	0.00976296	-2.010418490041127	0.489247311827957
rs115074436	-0.0316423	0.00979742	-2.0088882740300487	0.48663101604278075
rs115074436	-0.0316423	0.00979742	-2.0088882740300487	0.48404255319148937
rs11152337	0.00732964	0.00994318	-2.0024746985417106	0.48677248677248675
rs11152337	0.00732964	0.00994318	-2.0024746985417106	0.48947368421052634
rs77651038	-0.0579154	0.0100316	-1.9986297932254926	0.4869109947643979
rs77651038	-0.0579154	0.0100316	-1.9986297932254926	0.484375
rs372257864	0.0534942	0.010063899999999999	-1.9972336872469738	0.48704663212435234
rs883518	-0.0161725	0.0102351	-1.9899079097932655	0.4845360824742268
rs566736259	0.06002419999999999	0.010449	-1.9809252708221012	0.48717948717948717
rs566736259	0.06002419999999999	0.010449	-1.9809252708221012	0.4897959183673469
rs117257895	-0.0235798	0.010503299999999998	-1.9786742298229432	0.4873096446700508
rs117257895	-0.0235798	0.010503299999999998	-1.9786742298229432	0.48484848484848486
rs117257895	-0.0235798	0.010503299999999998	-1.9786742298229432	0.4824120603015075
rs62463668	-0.012820600000000001	0.0108967	-1.9627050056173674	0.48
rs117421106	-0.0182852	0.0111583	-1.9524019664071786	0.47761194029850745
rs117421106	-0.0182852	0.0111583	-1.9524019664071786	0.4752475247524752
rs117782304	0.024886500000000002	0.0114193	-1.9423605174084622	0.47783251231527096
rs117782304	0.024886500000000002	0.0114193	-1.9423605174084622	0.4803921568627451
rs139483844	0.05545069999999999	0.0115125	-1.9388303567950946	0.48292682926829267
rs4459687	0.014036400000000001	0.0115608	-1.93701211197396	0.4854368932038835
rs181074930	-0.022280900000000003	0.0115736	-1.9365315315451945	0.4830917874396135
rs117095350	0.07868969999999999	0.012023299999999999	-1.9199763164353552	0.4855769230769231
rs117330587	-0.037498000000000004	0.0121321	-1.9160640186326234	0.48325358851674644
rs76802419	-0.056113199999999995	0.0122866	-1.9105682802970532	0.48095238095238096
rs2302734	-0.0058785	0.012687700000000001	-1.8966170987752804	0.4786729857819905
rs3850585	-0.00907414	0.0132262	-1.8785649143978274	0.47641509433962265
rs3850585	-0.00907414	0.0132262	-1.8785649143978274	0.47417840375586856
rs150270129	0.0580462	0.0133656	-1.8740115403986348	0.4766355140186916
rs72729699	0.0103214	0.0135325	-1.868621964236901	0.4790697674418605
rs111794065	-0.008790799999999998	0.013855700000000002	-1.8583715284557012	0.47685185185185186
rs188700970	-0.0504074	0.014005200000000002	-1.8537106848928093	0.47465437788018433
rs188700970	-0.0504074	0.014005200000000002	-1.8537106848928093	0.4724770642201835
rs80255661	-0.055062400000000004	0.0140055	-1.8537013821374642	0.4703196347031963
rs2423891	-0.025285299999999997	0.014021100000000002	-1.8532179132459563	0.4681818181818182
rs2423891	-0.025285299999999997	0.014021100000000002	-1.8532179132459563	0.4660633484162896
rs144203713	0.0575878	0.014062700000000001	-1.8519312879558532	0.46846846846846846
rs112112537	-0.0123794	0.014449700000000001	-1.8401411694954655	0.4663677130044843
rs112112537	-0.0123794	0.014449700000000001	-1.8401411694954655	0.4642857142857143
rs75599275	-0.00835305	0.0146041	-1.8355252019274937	0.4622222222222222
rs3902840	-0.00988466	0.0148369	-1.828656830427101	0.46017699115044247
rs75646772	-0.0368548	0.015173599999999999	-1.818911368807768	0.4581497797356828
rs75646772	-0.0368548	0.015173599999999999	-1.818911368807768	0.45614035087719296
rs1293761	0.00598644	0.015391299999999998	-1.8127246966738795	0.4585152838427948
rs76963247	0.027202499999999998	0.015435800000000001	-1.8114708571710665	0.4608695652173913
rs117072987	0.0213365	0.0155019	-1.8096150689945179	0.46320346320346323
rs7977991	-0.00778634	0.015580200000000002	-1.8074269716737956	0.46120689655172414
rs7977991	-0.00778634	0.015580200000000002	-1.8074269716737956	0.4592274678111588
rs61737389	0.049664	0.015582299999999999	-1.8073684386027407	0.46153846153846156
rs118181888	0.0161184	0.0156993	-1.804119711470686	0.46382978723404256
rs7577713	0.0061215	0.0159189	-1.7980869454196522	0.4661016949152542
rs56345151	-0.051368399999999995	0.0161027	-1.7931012980806385	0.4641350210970464
rs143906295	0.027099	0.0161331	-1.7922821742392117	0.46638655462184875
rs143906295	0.027099	0.0161331	-1.7922821742392117	0.4686192468619247
rs12938635	0.00863294	0.0162867	-1.7881669032282996	0.4708333333333333
rs2304676	0.0126947	0.016373699999999998	-1.7858531710454058	0.4730290456431535
rs2304676	0.0126947	0.016373699999999998	-1.7858531710454058	0.47520661157024796
rs35119910	-0.0170742	0.016615	-1.7794996543852701	0.4732510288065844
rs7231576	0.00829756	0.016724	-1.776659841121623	0.47540983606557374
rs879897	-0.00862323	0.0168732	-1.7728025457125025	0.47346938775510206
rs143680132	-0.0309313	0.0168753	-1.7727484977747765	0.4715447154471545
rs75320186	-0.009701799999999998	0.017046900000000004	-1.7683545864838481	0.46963562753036436
rs117907110	-0.016959400000000003	0.017248199999999998	-1.7632562206403408	0.46774193548387094
rs2440591	-0.00976384	0.017296400000000003	-1.7620442796937232	0.46586345381526106
rs2440591	-0.00976384	0.017296400000000003	-1.7620442796937232	0.464
rs137954703	-0.0335351	0.0173717	-1.7601576792792748	0.46215139442231074
rs137954703	-0.0335351	0.0173717	-1.7601576792792748	0.4603174603174603
rs112170517	-0.0173071	0.017490000000000002	-1.7572101905213233	0.45849802371541504
rs117232954	-0.00982643	0.0177206	-1.7515215774671582	0.4566929133858268
rs111679893	0.0134287	0.018054900000000002	-1.7434049126411124	0.4588235294117647
rs117172914	-0.017952799999999998	0.0184738	-1.73344376242186	0.45703125
rs191627572	0.0642452	0.018561599999999998	-1.7313845905513474	0.4591439688715953
rs191627572	0.0642452	0.018561599999999998	-1.7313845905513474	0.46124031007751937
rs74960082	-0.027350599999999996	0.0185649	-1.7313073857626355	0.4594594594594595
rs576660504	0.06575510000000001	0.0186071	-1.7303213083382387	0.46153846153846156
rs12444926	0.0112694	0.0190454	-1.7202099016605041	0.46360153256704983
rs12723424	0.0128643	0.0191849	-1.7170404601905216	0.46564885496183206
rs1806216	0.012875999999999999	0.0195227	-1.7094601193531318	0.467680608365019
rs78197995	-0.00785333	0.0197604	-1.7042042684510978	0.4659090909090909
rs11626073	0.00731051	0.0198781	-1.7016251289402042	0.4679245283018868
rs111535498	-0.00914634	0.0198796	-1.7015923583461727	0.46616541353383456
rs72851831	-0.00807377	0.0199769	-1.699471904365712	0.46441947565543074
rs74659599	0.026172700000000004	0.0202243	-1.6941265011816171	0.4664179104477612
rs143230003	0.026053800000000002	0.0202947	-1.6926173641204105	0.4684014869888476
rs79035005	-0.00918256	0.0203907	-1.6905678649075342	0.4666666666666667
rs187859620	0.026123900000000002	0.020451900000000002	-1.6892663394324146	0.46863468634686345
rs342211	0.0103863	0.0206351	-1.6853934221418858	0.47058823529411764
rs71636990	0.0110569	0.0211894	-1.6738813406171127	0.4725274725274725
rs77506554	-0.0126161	0.0213088	-1.6714410067875494	0.4708029197080292
rs77506554	-0.0126161	0.0213088	-1.6714410067875494	0.4690909090909091
rs77506554	-0.0126161	0.0213088	-1.6714410067875494	0.4673913043478261
rs138452561	0.0259172	0.021556	-1.6664318250760122	0.4693140794223827
rs34900642	0.0159151	0.0217976	-1.6615913212639943	0.4712230215827338
rs72773727	-0.013213999999999998	0.0219035	-1.6594864829116642	0.46953405017921146
rs138099998	-0.00947322	0.0222497	-1.652675840378462	0.46785714285714286
rs145620270	-0.0156629	0.022402900000000003	-1.6496957596802388	0.46619217081850534
rs140898366	0.025607799999999997	0.022643	-1.6450660334408531	0.46808510638297873
rs148440066	0.00906042	0.0228827	-1.640492733116803	0.46996466431095407
rs148440066	0.00906042	0.0228827	-1.640492733116803	0.47183098591549294
rs56159785	0.0177738	0.023118700000000002	-1.6360365906104988	0.47368421052631576
rs56159785	0.0177738	0.023118700000000002	-1.6360365906104988	0.4755244755244755
rs75355939	-0.012547299999999999	0.0232287	-1.6339750949188643	0.4738675958188153
rs188765526	-0.028473400000000003	0.023373500000000002	-1.6312762505142948	0.4722222222222222
rs1730944	0.00810666	0.023875999999999998	-1.6220384297803634	0.4740484429065744
rs150825172	-0.0156798	0.023952599999999998	-1.620647338016994	0.4724137931034483
rs112796792	0.00816982	0.0244072	-1.6124820400952236	0.4742268041237113
rs78905225	-0.012148299999999999	0.024451900000000002	-1.6116873889961538	0.4726027397260274
rs72776624	0.015634600000000002	0.0245322	-1.6102635033624053	0.47440273037542663
rs78742299	-0.012482	0.0247223	-1.6069111278048054	0.47278911564625853
rs78742299	-0.012482	0.0247223	-1.6069111278048054	0.4711864406779661
rs78742299	-0.012482	0.0247223	-1.6069111278048054	0.46959459459459457
rs10305516	-0.00899561	0.024764599999999998	-1.6061686823875905	0.468013468013468
rs369392063	-0.0669793	0.024955500000000002	-1.6028337243325976	0.4664429530201342
rs145953141	0.025149599999999998	0.0253206	-1.5965260074381822	0.4682274247491639
rs117851394	-0.00892484	0.0256779	-1.5904404967910544	0.4666666666666667
rs187991965	0.0150278	0.0257135	-1.589838805222862	0.4684385382059801
rs74963128	0.00929177	0.026359399999999998	-1.579064479497405	0.47019867549668876
rs149894775	0.024883199999999998	0.0265903	-1.5752767627959399	0.47194719471947194
rs560092957	-0.052542	0.0274656	-1.561210909155169	0.47039473684210525
rs560092957	-0.052542	0.0274656	-1.561210909155169	0.46885245901639344
rs61920362	-0.00876223	0.027469900000000002	-1.5611429215596797	0.4673202614379085
rs61920362	-0.00876223	0.027469900000000002	-1.5611429215596797	0.46579804560260585
rs16971371	-0.00634899	0.027625099999999996	-1.5586961412029565	0.4642857142857143
rs16971371	-0.00634899	0.027625099999999996	-1.5586961412029565	0.4627831715210356
rs16971371	-0.00634899	0.027625099999999996	-1.5586961412029565	0.4612903225806452
rs17035271	0.016189600000000002	0.0277664	-1.5564804242282877	0.4630225080385852
rs78034776	0.016988800000000002	0.027910700000000004	-1.554229271274713	0.46474358974358976
rs78034776	0.016988800000000002	0.027910700000000004	-1.554229271274713	0.46645367412140576
rs114497543	-0.0173915	0.0282847	-1.5484484232179159	0.46496815286624205
rs60946517	-0.070336	0.0284209	-1.5463621734583408	0.4634920634920635
rs144135035	0.023165	0.0285061	-1.5450621956802768	0.4651898734177215
rs2423895	-0.017349299999999998	0.0286313	-1.5431589324531174	0.4637223974763407
rs2423895	-0.017349299999999998	0.0286313	-1.5431589324531174	0.46226415094339623
rs2423895	-0.017349299999999998	0.0286313	-1.5431589324531174	0.4608150470219436
rs148829541	0.0505211	0.0296312	-1.528250760169448	0.4625
rs117809388	0.0158608	0.030541200000000004	-1.5151139029986616	0.46417445482866043
rs4788482	-0.00807444	0.0305461	-1.5150442308093233	0.46273291925465837
rs4788482	-0.00807444	0.0305461	-1.5150442308093233	0.4613003095975232
rs4788482	-0.00807444	0.0305461	-1.5150442308093233	0.45987654320987653
rs79096618	0.011176799999999999	0.0308241	-1.5111095950482043	0.46153846153846156
rs4746958	-0.012465100000000002	0.0312943	-1.5045347584272646	0.4601226993865031
rs117170752	0.012592399999999998	0.031333299999999994	-1.5039938631356158	0.4617737003058104
rs537911902	-0.0145006	0.0314474	-1.502415255221259	0.4603658536585366
rs77344521	0.023040400000000003	0.031507	-1.5015929470472642	0.46200607902735563
rs11016430	-0.0251199	0.0317568	-1.4981632660799225	0.46060606060606063
rs144930549	0.0193925	0.0339647	-1.4689722170491106	0.4622356495468278
rs144930549	0.0193925	0.0339647	-1.4689722170491106	0.463855421686747
rs11684470	0.00551237	0.03402480000000001	-1.4682044189284973	0.46546546546546547
rs10998225	-0.00890212	0.034070300000000005	-1.4676240423120475	0.46407185628742514
rs10998225	-0.00890212	0.034070300000000005	-1.4676240423120475	0.4626865671641791
rs77871774	-0.012270999999999999	0.034587400000000004	-1.4610820834927978	0.46130952380952384
rs11258808	0.0180788	0.035212099999999996	-1.4533080734468362	0.4629080118694362
rs79573710	0.00894195	0.0352473	-1.4528741450558826	0.46449704142011833
rs73060483	0.017730000000000003	0.036460900000000004	-1.4381726154339327	0.46607669616519176
rs189363526	-0.024443400000000004	0.036495	-1.4377666320135003	0.4647058823529412
rs76891833	0.00714276	0.0369108	-1.43284654185879	0.4662756598240469
rs12819160	0.00617763	0.036914499999999996	-1.4328030096392288	0.4678362573099415
rs72816484	-0.012567700000000001	0.037986900000000004	-1.4203661465038935	0.46647230320699706
rs16931437	-0.00722995	0.039773199999999995	-1.4004094659304416	0.46511627906976744
rs16931437	-0.00722995	0.039773199999999995	-1.4004094659304416	0.463768115942029
rs79246363	0.011793799999999998	0.040376800000000004	-1.3938681033570046	0.4653179190751445
rs139267859	0.0101621	0.040388400000000005	-1.3937433512106663	0.4668587896253602
rs75997816	-0.0254079	0.0405306	-1.3922169670759632	0.46551724137931033
rs75997816	-0.0254079	0.0405306	-1.3922169670759632	0.46418338108882523
rs12624676	0.0114382	0.040775	-1.3896060302876867	0.4657142857142857
rs12624676	0.0114382	0.040775	-1.3896060302876867	0.4672364672364672
rs141957261	-0.013951499999999999	0.040845599999999996	-1.3888547200040295	0.4659090909090909
rs4613225	-0.00736483	0.0412075	-1.3850237327003359	0.46458923512747874
rs61855081	-0.00834654	0.041299199999999994	-1.3840583609089878	0.4632768361581921
rs61855081	-0.00834654	0.041299199999999994	-1.3840583609089878	0.4619718309859155
rs72819653	0.00976206	0.0414174	-1.3828171676611611	0.46348314606741575
rs72819653	0.00976206	0.0414174	-1.3828171676611611	0.4649859943977591
rs62466344	-0.013897799999999998	0.041965800000000004	-1.3771044934546313	0.46368715083798884
rs34860998	0.0192887	0.0422858	-1.373805448629558	0.46518105849582175
rs2423867	-0.00634089	0.0424038	-1.372595222532676	0.4638888888888889
rs2423867	-0.00634089	0.0424038	-1.372595222532676	0.4626038781163435
rs118005485	0.022391099999999997	0.0425051	-1.3715589577385303	0.46408839779005523
rs118005485	0.022391099999999997	0.0425051	-1.3715589577385303	0.465564738292011
rs188358385	-0.025763	0.0425848	-1.3707453880826708	0.4642857142857143
rs1155348	-0.00797976	0.0429801	-1.3667325783886037	0.46301369863013697
rs111438621	0.00902908	0.0430301	-1.366227644635601	0.4644808743169399
rs550549344	-0.0789643	0.043251599999999994	-1.3639978221108837	0.46321525885558584
rs1527550	-0.00800875	0.043677099999999996	-1.359746204914312	0.46195652173913043
rs72629024	0.00674537	0.0437025	-1.35949371851815	0.4634146341463415
rs45518532	-0.00758931	0.043869	-1.3578422652857722	0.46216216216216216
rs36123119	0.011829899999999999	0.0438952	-1.3575829678555242	0.4636118598382749
rs12624918	0.0107844	0.043905099999999996	-1.357485029343035	0.4650537634408602
rs12624918	0.0107844	0.043905099999999996	-1.357485029343035	0.46648793565683644
rs11621905	0.0057195	0.0439355	-1.3571844268249065	0.4679144385026738
rs77728656	0.0357359	0.044189099999999995	-1.3546848436292447	0.4693333333333333
rs71495069	-0.0112487	0.044573	-1.3509281346012987	0.46808510638297873
rs77038803	0.00739287	0.044588699999999995	-1.3507751894816713	0.46949602122015915
rs28365986	-0.0713566	0.044822	-1.3485087687383763	0.46825396825396826
rs112730873	0.0103721	0.0456099	-1.3409408799514713	0.46965699208443273
rs35572898	0.00833203	0.045648400000000006	-1.3405744401088433	0.4710526315789474
rs35572898	0.00833203	0.045648400000000006	-1.3405744401088433	0.47244094488188976
rs72709237	-0.018396799999999998	0.0457535	-1.3395756781538963	0.4712041884816754
rs61898278	0.0105477	0.0464782	-1.3327506995765164	0.4725848563968668
rs6080042	0.0111268	0.0466931	-1.330747291881972	0.4739583333333333
rs6080042	0.0111268	0.0466931	-1.330747291881972	0.4753246753246753
rs61788408	-0.00733151	0.046767500000000004	-1.3300558450845203	0.4740932642487047
rs183250508	-0.0614635	0.046822699999999995	-1.3295435466135075	0.4728682170542636
rs183250508	-0.0614635	0.046822699999999995	-1.3295435466135075	0.47164948453608246
rs4767031	0.00475885	0.0470371	-1.3275594618643494	0.4730077120822622
rs72700172	-0.0127476	0.047344	-1.3247350521834422	0.4717948717948718
rs62143391	0.00686019	0.0477644	-1.3208956733421935	0.4731457800511509
rs372962364	0.05887959999999999	0.0478229	-1.3203640916286536	0.4744897959183674
rs372962364	0.05887959999999999	0.0478229	-1.3203640916286536	0.4758269720101781
rs72933584	0.00849842	0.048274199999999996	-1.3162849146167057	0.47715736040609136
rs72933584	0.00849842	0.048274199999999996	-1.3162849146167057	0.47848101265822784
rs41421446	-0.0254806	0.0486359	-1.3130430431602018	0.4772727272727273
rs10823777	-0.00527736	0.0487596	-1.3119398657793593	0.4760705289672544
rs10823777	-0.00527736	0.0487596	-1.3119398657793593	0.4748743718592965
rs11066638	0.00739375	0.048786199999999995	-1.311703008149303	0.47619047619047616
rs17654543	-0.0139995	0.0493395	-1.30680525590711	0.475
rs10485548	-0.010406499999999999	0.049576	-1.3047285168583775	0.47381546134663344
rs74939503	0.00875144	0.0498205	-1.3025919181854757	0.47512437810945274
rs4144851	0.00522966	0.049869699999999996	-1.3021632443490414	0.47642679900744417
